3 0.214070 0.214923 0.218707 0.213832
5 0.402419 0.070237 0.404819 0.061036
4 0.390117 0.156887 0.393117 0.149686
4 0.387595 0.282428 0.389095 0.279227
6 0.436802 0.467729 0.437702 0.472129
0 0.120166 0.534375 0.119566 0.530775
10 0.364042 0.522460 0.354741 0.520860
12 0.527085 0.594470 0.520784 0.594069
1 0.161093 0.603109 0.162893 0.596708
14 0.210771 0.688982 0.207470 0.622036
18 0.219472 0.679440 0.220372 0.641120
15 0.565004 0.722947 0.563504 0.554107
13 0.225489 0.699823 0.228790 0.600354
19 0.340265 0.666599 0.335315 0.666159
17 0.568171 0.697163 0.567181 0.605674
17 0.210073 0.731453 0.210733 0.537094
2 0.334949 0.273653 0.332309 0.266172
9 0.232990 0.338075 0.231190 0.334875
