4.0 0.144068 0.420248 0.153216 0.415960
4.0 0.233254 0.453692 0.232110 0.446832
3.0 0.098332 0.700893 0.082325 0.598213
2.0 0.227537 0.677954 0.236684 0.644092
9.0 0.385326 0.670879 0.378466 0.658242
7.0 0.386840 0.695097 0.398554 0.609807
0.0 0.533207 0.667190 0.531746 0.665620
18.0 0.670123 0.696038 0.659754 0.607925
16.0 0.677683 0.583585 0.644634 0.591381
8.0 0.395938 0.548857 0.401608 0.517674
10.0 0.519727 0.438297 0.501773 0.542479
19.0 0.663714 0.469481 0.672572 0.465229
15.0 0.712438 0.448928 0.575125 0.439006
11.0 0.622961 0.431919 0.630521 0.426249
17.0 0.680800 0.455344 0.638400 0.442137
13.0 0.693378 0.644005 0.613245 0.524205
17.0 0.730166 0.522318 0.539668 0.525148
