10.0 0.668382 0.480222 0.663236 0.484418
17.0 0.697164 0.076862 0.605671 0.092494
15.0 0.657725 0.134936 0.646254 0.137717
17.0 0.677178 0.264839 0.645644 0.275249
16.0 0.693228 0.328545 0.613544 0.330298
19.0 0.665969 0.334025 0.656543 0.330445
14.0 0.711394 0.256680 0.577211 0.254563
18.0 0.715857 0.317928 0.568286 0.320009
11.0 0.633183 0.387980 0.628252 0.393733
0.0 0.671212 0.446794 0.657575 0.448441
12.0 0.643738 0.424947 0.605971 0.421941
2.0 0.681495 0.676280 0.637011 0.647441
4.0 0.447469 0.672570 0.444992 0.654859
5.0 0.596625 0.706633 0.593638 0.586734
3.0 0.716001 0.723945 0.567998 0.552110
13.0 0.702254 0.226967 0.595492 0.228858
6.0 0.436126 0.590746 0.436292 0.587653
8.0 0.558822 0.600478 0.558504 0.598141
1.0 0.675865 0.420363 0.648271 0.422188
4.0 0.418223 0.740784 0.415931 0.518431
7.0 0.664068 0.606920 0.663703 0.602709
