10 0.667994 0.476306 0.663049 0.480502
17 0.697017 0.071379 0.605966 0.087011
15 0.659488 0.131019 0.648017 0.133800
17 0.676884 0.263273 0.646231 0.273682
16 0.693081 0.323062 0.613838 0.324815
19 0.665969 0.330108 0.656543 0.326529
18 0.711541 0.251197 0.576918 0.249080
11 0.628483 0.382497 0.623552 0.388250
0 0.671212 0.444445 0.657576 0.446092
12 0.642563 0.420247 0.604796 0.417241
2 0.681495 0.676280 0.637011 0.647441
4 0.448232 0.671043 0.445755 0.657915
5 0.589231 0.730974 0.586245 0.538052
3 0.712623 0.726385 0.574755 0.547229
6 0.437301 0.589179 0.437467 0.586087
8 0.557647 0.598128 0.557329 0.595791
9 0.692079 0.601702 0.615842 0.599975
7 0.663598 0.603160 0.663233 0.598950
1 0.675865 0.415663 0.648271 0.417489
4 0.425710 0.711574 0.422245 0.576851
14 0.715857 0.314012 0.568286 0.316093
