3.0 0.204510 0.207570 0.209406 0.206464
5.0 0.406555 0.072076 0.408955 0.062874
4.0 0.385981 0.156887 0.388981 0.149686
4.0 0.383459 0.289781 0.384959 0.286580
6.0 0.436201 0.475645 0.437101 0.480046
8.0 0.319172 0.472235 0.320973 0.467435
7.0 0.228345 0.335798 0.231046 0.330598
9.0 0.129468 0.345731 0.127667 0.342530
0.0 0.116716 0.546338 0.116116 0.542738
11.0 0.567690 0.650728 0.556889 0.650328
10.0 0.364385 0.533025 0.355084 0.531425
12.0 0.527250 0.603997 0.520950 0.603597
14.0 0.203292 0.693539 0.199937 0.612922
18.0 0.211200 0.682781 0.212100 0.634439
16.0 0.414927 0.682954 0.414627 0.634093
15.0 0.565166 0.725424 0.563666 0.549152
13.0 0.218596 0.701778 0.221896 0.596444
19.0 0.343023 0.668020 0.338072 0.663960
17.0 0.213591 0.734224 0.214251 0.531551
2.0 0.332192 0.282844 0.329552 0.275363
17.0 0.290426 0.686557 0.290865 0.626886
