5.0 0.041734 0.416732 0.056598 0.411587
4.0 0.149099 0.420248 0.158247 0.415960
4.0 0.242058 0.453692 0.240914 0.446832
9.0 0.391840 0.698180 0.384980 0.603639
7.0 0.398159 0.655154 0.409874 0.626454
0.0 0.540753 0.667190 0.539293 0.665620
18.0 0.672009 0.696038 0.655982 0.607925
14.0 0.684372 0.698106 0.631256 0.603788
1.0 0.575907 0.673301 0.591972 0.653399
16.0 0.678941 0.583585 0.642119 0.591381
8.0 0.405270 0.551734 0.410940 0.520551
6.0 0.409786 0.431205 0.414511 0.421992
10.0 0.527274 0.437354 0.509320 0.541536
12.0 0.570110 0.468772 0.603183 0.468772
19.0 0.665601 0.463821 0.668798 0.459569
15.0 0.713067 0.445155 0.573866 0.435233
11.0 0.630508 0.433805 0.638067 0.428136
17.0 0.683001 0.456287 0.633997 0.443081
13.0 0.695264 0.639288 0.609471 0.519488
17.0 0.731738 0.518545 0.536523 0.521375
2.0 0.249033 0.727113 0.285507 0.545774
