17.0 0.698918 0.093010 0.602165 0.108643
15.0 0.660780 0.151285 0.649309 0.154066
17.0 0.677649 0.279296 0.644702 0.290845
16.0 0.694296 0.340845 0.611409 0.342599
19.0 0.666171 0.345774 0.659157 0.342501
14.0 0.712221 0.273008 0.575558 0.270891
18.0 0.716295 0.334342 0.567410 0.336422
11.0 0.632998 0.398832 0.628067 0.404584
0.0 0.671212 0.458386 0.657575 0.460034
12.0 0.643738 0.437570 0.605971 0.434563
2.0 0.681192 0.680398 0.637615 0.639203
4.0 0.446100 0.675425 0.443623 0.649150
4.0 0.419968 0.722158 0.415014 0.555684
5.0 0.595913 0.735003 0.592926 0.529994
3.0 0.712192 0.726762 0.575615 0.546476
10.0 0.668737 0.491638 0.662527 0.495834
13.0 0.703019 0.240928 0.593962 0.242818
6.0 0.436995 0.603080 0.437161 0.599987
8.0 0.558292 0.614930 0.557973 0.612593
9.0 0.692039 0.622405 0.615921 0.620678
7.0 0.661710 0.618794 0.661345 0.614583
1.0 0.676556 0.434082 0.646888 0.435908
