17.0 0.735973 0.534439 0.528053 0.524517
17.0 0.683137 0.432319 0.633725 0.435862
19.0 0.667730 0.664779 0.664540 0.652022
18.0 0.666002 0.728208 0.667996 0.543584
13.0 0.706584 0.509569 0.586832 0.524452
15.0 0.708185 0.433027 0.583630 0.435862
16.0 0.670912 0.584405 0.658177 0.585114
14.0 0.679372 0.727321 0.641256 0.545357
0.0 0.531300 0.720766 0.542640 0.558468
1.0 0.590833 0.709781 0.606897 0.580438
12.0 0.565319 0.465629 0.591778 0.465629
11.0 0.622016 0.423105 0.643750 0.424523
10.0 0.519961 0.440115 0.502007 0.545714
9.0 0.441736 0.721441 0.452130 0.557117
7.0 0.443186 0.693834 0.456415 0.612331
8.0 0.394993 0.550675 0.387433 0.529413
6.0 0.455470 0.567684 0.467755 0.567684
5.0 0.034019 0.436571 0.049138 0.428066
4.0 0.233877 0.421688 0.252777 0.420271
4.0 0.127911 0.409947 0.141865 0.404020
3.0 0.098276 0.708363 0.106780 0.583273
2.0 0.263644 0.663891 0.240965 0.672217
