17.0 0.679885 0.676118 0.640231 0.647765
17.0 0.732893 0.523558 0.534213 0.523558
19.0 0.662483 0.658961 0.675033 0.566887
18.0 0.682710 0.718087 0.634581 0.563827
13.0 0.710575 0.512560 0.578850 0.520199
15.0 0.715827 0.657363 0.568345 0.649459
16.0 0.669666 0.696801 0.660667 0.606398
14.0 0.692573 0.727165 0.614854 0.545670
11.0 0.612831 0.637502 0.623612 0.635636
12.0 0.578831 0.637502 0.579660 0.610136
0.0 0.535709 0.714418 0.525758 0.571164
1.0 0.600617 0.707651 0.615490 0.584698
10.0 0.524766 0.668440 0.533265 0.567257
6.0 0.401142 0.418395 0.406228 0.434825
7.0 0.381892 0.673453 0.396570 0.653093
9.0 0.404392 0.665293 0.421943 0.617248
2.0 0.281481 0.664693 0.262175 0.670615
3.0 0.102094 0.695546 0.102972 0.608908
4.0 0.255362 0.616687 0.272913 0.618003
4.0 0.226912 0.591860 0.211116 0.481157
5.0 0.054330 0.499396 0.055208 0.445427
