17 0.095630 0.206874 0.110182 0.209212
17 0.273377 0.291070 0.281692 0.290290
19 0.309758 0.531963 0.318073 0.531184
13 0.215167 0.216229 0.230759 0.217788
15 0.142405 0.333947 0.132011 0.340963
16 0.320152 0.217788 0.331586 0.222466
14 0.241154 0.092274 0.253627 0.092274
18 0.310797 0.086817 0.330547 0.097731
11 0.366928 0.571722 0.375243 0.570943
12 0.432413 0.349539 0.428255 0.355776
1 0.398111 0.156698 0.411624 0.158257
0 0.476070 0.113820 0.484386 0.102126
6 0.599810 0.567542 0.593573 0.578457
8 0.605007 0.446706 0.609165 0.445147
7 0.665804 0.123955 0.668392 0.123955
9 0.609165 0.346918 0.613323 0.343800
2 0.688932 0.194118 0.622136 0.180865
5 0.717517 0.413963 0.564966 0.405387
4 0.703484 0.587032 0.593031 0.587032
4 0.672301 0.544155 0.655398 0.553510
3 0.708645 0.194128 0.582710 0.185608
