17 0.090788 0.206874 0.105341 0.209212
17 0.271210 0.292013 0.279525 0.291233
19 0.307240 0.531020 0.315555 0.530240
13 0.210666 0.216229 0.226258 0.217788
15 0.142026 0.333947 0.131632 0.340963
16 0.316377 0.218495 0.327811 0.223173
14 0.234726 0.089318 0.247200 0.089318
18 0.306915 0.086334 0.326665 0.097248
11 0.365896 0.572666 0.374212 0.571886
12 0.429780 0.350482 0.425622 0.356719
10 0.487046 0.329826 0.489939 0.334264
1 0.396183 0.156698 0.409696 0.158257
0 0.468113 0.114486 0.474775 0.113359
6 0.597276 0.567542 0.591040 0.578457
8 0.603040 0.445762 0.607198 0.444203
7 0.664998 0.222697 0.670005 0.222697
2 0.687045 0.194118 0.625909 0.180865
4 0.671983 0.544155 0.656033 0.553510
3 0.707846 0.176525 0.584307 0.168005
9 0.667225 0.125790 0.665507 0.134810
5 0.736877 0.395561 0.526246 0.403187
4 0.710694 0.581675 0.578612 0.579255
