17.0 0.698119 0.085008 0.603763 0.100641
15.0 0.660780 0.147155 0.649309 0.149936
17.0 0.677560 0.275022 0.644880 0.285431
16.0 0.693992 0.334654 0.612016 0.336408
19.0 0.669994 0.345226 0.660012 0.341646
14.0 0.711776 0.264826 0.576448 0.262709
18.0 0.716047 0.325056 0.567905 0.327137
11.0 0.632411 0.395698 0.627480 0.401451
0.0 0.671212 0.458386 0.657575 0.460034
12.0 0.643738 0.434553 0.605971 0.431547
2.0 0.681495 0.678810 0.637011 0.642381
4.0 0.448644 0.673941 0.446167 0.652118
5.0 0.596012 0.734834 0.593025 0.530333
3.0 0.712016 0.727740 0.575967 0.544519
13.0 0.703208 0.235113 0.593583 0.237004
6.0 0.438680 0.600393 0.438846 0.597301
8.0 0.558412 0.609783 0.558093 0.607447
9.0 0.663351 0.613641 0.662986 0.611914
1.0 0.676556 0.429383 0.646888 0.431208
4.0 0.428810 0.715108 0.420728 0.569784
