17.0 0.696554 0.076130 0.606892 0.091762
17.0 0.677681 0.265206 0.644639 0.276755
15.0 0.658100 0.135428 0.646629 0.138209
13.0 0.701833 0.228558 0.596334 0.230448
16.0 0.692930 0.326156 0.614140 0.327909
19.0 0.663391 0.332717 0.656377 0.329444
14.0 0.711121 0.256237 0.577758 0.254120
18.0 0.715674 0.317987 0.568651 0.320068
11.0 0.627278 0.384401 0.622347 0.390153
1.0 0.676511 0.417821 0.646978 0.418918
0.0 0.659433 0.447985 0.681133 0.459574
12.0 0.644589 0.419679 0.606822 0.416673
6.0 0.436735 0.588929 0.436900 0.585836
9.0 0.692120 0.604943 0.615759 0.603216
8.0 0.558350 0.599646 0.558031 0.597309
7.0 0.660707 0.606014 0.660342 0.600157
2.0 0.681552 0.676586 0.636897 0.646827
4.0 0.446419 0.671986 0.443941 0.656029
4.0 0.424712 0.712132 0.419758 0.575735
3.0 0.714767 0.722747 0.570466 0.554505
10.0 0.668414 0.479261 0.663173 0.483457
