17.0 0.094838 0.203976 0.109391 0.206315
17.0 0.271210 0.294485 0.279525 0.293705
19.0 0.311417 0.534316 0.319733 0.533536
13.0 0.211086 0.216229 0.226677 0.217788
15.0 0.142026 0.333947 0.131632 0.340963
16.0 0.319092 0.218495 0.330526 0.223173
14.0 0.238305 0.091819 0.250778 0.091819
18.0 0.309333 0.092152 0.329083 0.103066
11.0 0.370073 0.572666 0.378389 0.571886
12.0 0.430607 0.350482 0.426449 0.356719
10.0 0.485731 0.329826 0.488623 0.334264
1.0 0.395783 0.161701 0.409296 0.163260
0.0 0.470281 0.121340 0.476944 0.120214
6.0 0.597276 0.567542 0.591040 0.578457
8.0 0.603040 0.445762 0.607198 0.444203
7.0 0.665818 0.119452 0.668363 0.119452
2.0 0.690169 0.194118 0.619661 0.180865
4.0 0.671983 0.544155 0.656033 0.553510
3.0 0.710222 0.187726 0.579556 0.179206
9.0 0.664514 0.235829 0.662796 0.244849
