5 0.053989 0.416732 0.068853 0.411587
4 0.161354 0.420248 0.170502 0.415960
4 0.254313 0.453692 0.253169 0.446832
9 0.400977 0.697985 0.394117 0.604029
7 0.406264 0.646853 0.417978 0.618153
0 0.553008 0.667190 0.551548 0.665620
18 0.675073 0.696038 0.649854 0.607924
14 0.687436 0.698106 0.625128 0.603788
1 0.588162 0.673301 0.604227 0.653399
16 0.682004 0.583585 0.635992 0.591381
8 0.411714 0.544990 0.417384 0.513806
6 0.415124 0.430167 0.419848 0.420954
10 0.539529 0.437354 0.521575 0.541536
12 0.582365 0.468772 0.615438 0.468772
19 0.668664 0.463821 0.662671 0.459569
15 0.716130 0.445155 0.567740 0.435233
11 0.642763 0.433805 0.650322 0.428136
17 0.686065 0.456287 0.627870 0.443081
13 0.698328 0.639288 0.603344 0.519488
17 0.734802 0.518545 0.530395 0.521375
3 0.182317 0.688196 0.206256 0.623608
2 0.261288 0.727113 0.297762 0.545774
