17 0.206309 0.733063 0.209139 0.533874
17 0.315085 0.685810 0.303766 0.628381
19 0.455424 0.673826 0.464621 0.652349
13 0.288973 0.707206 0.299585 0.585589
15 0.338304 0.718611 0.348916 0.562778
16 0.414583 0.680922 0.406093 0.638156
1 0.157639 0.614092 0.159054 0.606545
12 0.347629 0.576107 0.387248 0.568560
11 0.359013 0.631672 0.362551 0.608089
6 0.530500 0.404388 0.517058 0.390238
8 0.495018 0.422407 0.492895 0.409201
7 0.206475 0.420569 0.222040 0.413966
5 0.425612 0.122436 0.574890 0.106400
4 0.382746 0.245066 0.388406 0.243179
4 0.411644 0.209220 0.559507 0.212050
3 0.154938 0.093387 0.184652 0.092444
2 0.121614 0.218508 0.111709 0.225111
10 0.450664 0.550600 0.527072 0.543054
0 0.181886 0.559294 0.266784 0.564954
18 0.137251 0.682352 0.148571 0.635296
14 0.205169 0.697227 0.205876 0.605547
