17.0 0.696875 0.076444 0.606249 0.093864
17.0 0.438048 0.248440 0.435656 0.224699
13.0 0.693694 0.188231 0.612613 0.203692
15.0 0.444731 0.071316 0.435977 0.086271
16.0 0.693201 0.299611 0.613597 0.312775
14.0 0.730056 0.241620 0.539887 0.243767
18.0 0.726397 0.282575 0.547205 0.294383
18.0 0.667744 0.334562 0.664340 0.342730
11.0 0.638311 0.384241 0.637095 0.389916
1.0 0.732099 0.373043 0.535802 0.368737
0.0 0.721571 0.475687 0.556859 0.464096
12.0 0.472476 0.399788 0.469312 0.410634
10.0 0.665139 0.477039 0.669722 0.481111
6.0 0.559178 0.651915 0.564601 0.661556
8.0 0.512979 0.578972 0.512324 0.585057
7.0 0.690180 0.657276 0.619639 0.660942
4.0 0.612727 0.671971 0.599081 0.656057
4.0 0.592743 0.695545 0.597640 0.608910
5.0 0.572125 0.718272 0.578797 0.563456
2.0 0.710804 0.689335 0.578391 0.621330
3.0 0.717595 0.726172 0.564809 0.547656
