3 0.207268 0.200217 0.212164 0.199111
5 0.406555 0.072076 0.408955 0.062874
4 0.385981 0.156887 0.388981 0.149686
4 0.383459 0.289781 0.384959 0.286580
6 0.433444 0.470130 0.434344 0.474531
8 0.313658 0.468559 0.315458 0.463758
7 0.228345 0.335798 0.231046 0.330598
9 0.129468 0.340216 0.127667 0.337016
0 0.116716 0.538986 0.116116 0.535385
11 0.567690 0.650728 0.556889 0.650328
10 0.364385 0.533025 0.355084 0.531425
12 0.527250 0.603997 0.520950 0.603597
1 0.156272 0.610928 0.158072 0.604528
16 0.416306 0.681574 0.416006 0.636851
15 0.562093 0.724576 0.560593 0.550848
13 0.219127 0.700715 0.222428 0.598571
19 0.343023 0.668020 0.338072 0.663960
2 0.334949 0.277330 0.332309 0.269849
17 0.288832 0.685671 0.289271 0.628658
18 0.175092 0.702837 0.182318 0.594327
14 0.113749 0.666637 0.101524 0.666725
