5 0.412069 0.073914 0.414470 0.064713
4 0.390117 0.155049 0.393117 0.147848
4 0.388974 0.286104 0.390474 0.282904
6 0.434289 0.470130 0.435189 0.474531
8 0.316317 0.463254 0.318117 0.458454
7 0.226005 0.330274 0.228705 0.325073
9 0.122654 0.337224 0.120752 0.334024
0 0.113340 0.531826 0.112740 0.528226
11 0.568726 0.645204 0.557925 0.644804
10 0.365421 0.527501 0.356119 0.525900
12 0.528286 0.598473 0.521985 0.598072
1 0.156424 0.607349 0.158224 0.600948
14 0.204237 0.690925 0.200792 0.618150
18 0.211200 0.680709 0.212100 0.638581
16 0.414927 0.680882 0.414627 0.638237
15 0.564130 0.723697 0.562630 0.552606
13 0.218596 0.700742 0.221896 0.598517
19 0.343023 0.668020 0.338072 0.663960
17 0.208407 0.731117 0.209075 0.537766
2 0.330813 0.270540 0.328173 0.263059
17 0.290426 0.684831 0.290865 0.630339
3 0.177851 0.192413 0.178398 0.193473
