17 0.078822 0.203976 0.093374 0.206315
17 0.256684 0.292013 0.265000 0.291233
19 0.295278 0.531020 0.303593 0.530240
13 0.196434 0.216229 0.212026 0.217788
15 0.130729 0.333947 0.120334 0.340963
16 0.306676 0.218495 0.318110 0.223173
14 0.221022 0.091667 0.233495 0.091667
18 0.288850 0.085482 0.308599 0.096396
11 0.357162 0.572666 0.365477 0.571886
12 0.420476 0.350482 0.416318 0.356719
10 0.473470 0.329826 0.476363 0.334264
1 0.382306 0.156698 0.395819 0.158257
0 0.454581 0.115504 0.461244 0.114377
6 0.587593 0.567542 0.581356 0.578457
8 0.591743 0.445762 0.595901 0.444203
2 0.686052 0.191647 0.627896 0.178394
4 0.669101 0.544155 0.661798 0.553510
3 0.707751 0.190197 0.584498 0.181677
9 0.650621 0.127045 0.648902 0.136065
5 0.733069 0.402840 0.533863 0.410467
4 0.707763 0.582524 0.584475 0.583095
