17 0.696875 0.084590 0.606249 0.102011
17 0.439576 0.258622 0.437184 0.234882
13 0.693693 0.197395 0.612613 0.212856
15 0.447022 0.080481 0.438268 0.095436
16 0.693011 0.306739 0.613979 0.319903
14 0.730056 0.250784 0.539887 0.252931
18 0.726970 0.294794 0.546059 0.306602
18 0.667744 0.340671 0.664340 0.348840
11 0.638311 0.391369 0.637095 0.397044
1 0.732672 0.382208 0.534656 0.377902
0 0.721571 0.482815 0.556859 0.471224
12 0.472476 0.407934 0.469312 0.418780
10 0.665521 0.485185 0.668959 0.489257
6 0.559178 0.659043 0.564601 0.668684
8 0.512979 0.587118 0.512324 0.593203
9 0.695931 0.667083 0.608138 0.665833
7 0.715451 0.665995 0.569098 0.668010
4 0.612727 0.673244 0.599081 0.653511
4 0.592743 0.695545 0.597640 0.608909
5 0.578998 0.719800 0.585670 0.560400
2 0.710232 0.691372 0.579537 0.617257
3 0.710108 0.706250 0.579783 0.587499
