17.0 0.698654 0.093571 0.602692 0.109203
15.0 0.660780 0.147155 0.649309 0.149936
17.0 0.677436 0.277660 0.645128 0.288069
16.0 0.693992 0.340589 0.612016 0.342343
19.0 0.669994 0.345226 0.660012 0.341646
14.0 0.712394 0.273399 0.575211 0.271282
18.0 0.716295 0.333629 0.567410 0.335710
11.0 0.632411 0.395698 0.627480 0.401451
0.0 0.671212 0.458386 0.657575 0.460034
12.0 0.643738 0.434553 0.605971 0.431547
2.0 0.681495 0.679593 0.637011 0.640814
4.0 0.448644 0.673941 0.446167 0.652118
5.0 0.596012 0.734834 0.593025 0.530333
3.0 0.712016 0.727740 0.575967 0.544519
10.0 0.668510 0.489828 0.662980 0.494024
13.0 0.703782 0.243280 0.592435 0.245170
6.0 0.436090 0.603433 0.436256 0.600340
8.0 0.559103 0.616968 0.558784 0.614631
9.0 0.692180 0.622997 0.615639 0.621270
7.0 0.661710 0.619690 0.661345 0.615479
1.0 0.676556 0.429383 0.646888 0.431208
4.0 0.419968 0.722158 0.415014 0.555684
