17.0 0.260735 0.289776 0.256316 0.301139
17.0 0.069275 0.211420 0.084960 0.210113
19.0 0.296303 0.528629 0.305672 0.531389
18.0 0.278693 0.178839 0.278044 0.197342
13.0 0.162410 0.485196 0.169602 0.481126
15.0 0.086128 0.562344 0.110435 0.563137
16.0 0.281118 0.413489 0.284302 0.410305
14.0 0.223860 0.205098 0.230701 0.205258
12.0 0.400669 0.527172 0.419558 0.527990
6.0 0.585060 0.562088 0.591508 0.562692
7.0 0.577813 0.278264 0.591491 0.245603
9.0 0.616258 0.378189 0.620113 0.378189
2.0 0.676366 0.330780 0.647267 0.323105
3.0 0.696296 0.297504 0.607407 0.296921
4.0 0.655240 0.575649 0.689519 0.574467
4.0 0.710218 0.566688 0.579563 0.529090
5.0 0.725304 0.570527 0.549392 0.509679
11.0 0.360167 0.573182 0.363728 0.553157
0.0 0.444825 0.316164 0.453073 0.271755
10.0 0.467264 0.551910 0.471285 0.525370
1.0 0.388236 0.309738 0.413708 0.302626
