17.0 0.698272 0.084406 0.603455 0.100038
15.0 0.658100 0.143574 0.646629 0.146355
17.0 0.677220 0.273220 0.645560 0.284769
16.0 0.693846 0.330758 0.612307 0.332511
19.0 0.667791 0.338978 0.660777 0.335705
14.0 0.712221 0.261860 0.575558 0.259742
18.0 0.716407 0.322688 0.567185 0.324769
11.0 0.632411 0.391738 0.627480 0.397491
1.0 0.676902 0.423401 0.646197 0.422511
0.0 0.671077 0.451902 0.657846 0.453549
12.0 0.643360 0.429512 0.605593 0.426506
2.0 0.682258 0.678320 0.635484 0.643359
4.0 0.448644 0.673941 0.446167 0.652118
4.0 0.426798 0.714850 0.421844 0.570300
5.0 0.601226 0.733095 0.598239 0.533809
3.0 0.713147 0.724725 0.573706 0.550549
10.0 0.668874 0.485460 0.662252 0.489656
13.0 0.702787 0.233649 0.594425 0.235540
6.0 0.438497 0.600063 0.438663 0.596971
8.0 0.559525 0.608543 0.559206 0.606206
9.0 0.692277 0.611969 0.615447 0.610242
7.0 0.662331 0.610713 0.661966 0.606502
