3.0 0.204510 0.207570 0.209406 0.206464
5.0 0.406555 0.072076 0.408955 0.062874
4.0 0.385981 0.156887 0.388981 0.149686
4.0 0.383459 0.289781 0.384959 0.286580
6.0 0.437580 0.470130 0.438480 0.474531
8.0 0.317794 0.466720 0.319594 0.461920
7.0 0.228345 0.335798 0.231046 0.330598
9.0 0.129468 0.345731 0.127667 0.342530
0.0 0.116716 0.546338 0.116116 0.542738
10.0 0.364385 0.533025 0.355084 0.531425
12.0 0.527250 0.603997 0.520950 0.603597
1.0 0.163165 0.614605 0.164965 0.608204
14.0 0.206049 0.693080 0.202694 0.613841
18.0 0.211200 0.682781 0.212100 0.634439
16.0 0.416306 0.682494 0.416006 0.635012
15.0 0.565166 0.725424 0.563666 0.549152
13.0 0.218596 0.701778 0.221896 0.596444
19.0 0.343023 0.668020 0.338072 0.663960
17.0 0.213591 0.734224 0.214251 0.531551
2.0 0.333571 0.277330 0.330930 0.269849
17.0 0.290426 0.686557 0.290865 0.626886
