5.0 0.402419 0.065281 0.404819 0.055888
4.0 0.386216 0.278751 0.387717 0.275551
6.0 0.431078 0.461686 0.431992 0.466205
8.0 0.317629 0.453798 0.319429 0.448997
7.0 0.125212 0.319340 0.127942 0.314056
9.0 0.234465 0.326652 0.232665 0.323452
0.0 0.116030 0.522788 0.115430 0.519187
11.0 0.564606 0.638762 0.553804 0.638362
10.0 0.363833 0.517167 0.354531 0.515566
12.0 0.527085 0.589176 0.520784 0.588776
1.0 0.158336 0.597594 0.160136 0.591193
14.0 0.202012 0.687362 0.198644 0.625276
18.0 0.215430 0.678545 0.216352 0.642909
16.0 0.412755 0.678688 0.412455 0.642624
15.0 0.563626 0.721568 0.562125 0.556865
13.0 0.218596 0.697525 0.221896 0.604950
19.0 0.340265 0.660526 0.335315 0.660086
17.0 0.564245 0.696221 0.563261 0.607558
17.0 0.208738 0.729615 0.209409 0.540770
2.0 0.334949 0.264462 0.332309 0.256981
3.0 0.302829 0.163714 0.308676 0.152020
4.0 0.392872 0.151241 0.395795 0.141106
