17 0.679884 0.676117 0.640231 0.647765
17 0.734165 0.523558 0.531670 0.523558
19 0.663756 0.658961 0.672489 0.566887
18 0.682709 0.718087 0.634581 0.563827
13 0.712695 0.511288 0.574611 0.518927
15 0.716675 0.656091 0.566649 0.648187
16 0.669666 0.696801 0.660667 0.606398
14 0.692573 0.727165 0.614854 0.545671
11 0.612831 0.637502 0.623612 0.635636
12 0.582171 0.637502 0.583000 0.610136
0 0.542493 0.714736 0.532542 0.570528
1 0.600617 0.707651 0.615490 0.584698
10 0.529220 0.669275 0.537718 0.568093
6 0.403369 0.418395 0.408455 0.434825
8 0.386555 0.515866 0.393480 0.528417
2 0.281481 0.664693 0.262175 0.670615
3 0.102094 0.695546 0.102972 0.608909
4 0.255362 0.616687 0.272913 0.618003
4 0.226912 0.591860 0.211116 0.481157
5 0.119128 0.581169 0.128035 0.569479
