5 0.409312 0.073914 0.411712 0.064713
4 0.385981 0.156887 0.388981 0.149686
4 0.388974 0.286104 0.390474 0.282904
6 0.438959 0.470130 0.439859 0.474531
8 0.320208 0.465330 0.322009 0.460529
7 0.231453 0.330274 0.234153 0.325073
9 0.131539 0.338825 0.129739 0.335625
0 0.118788 0.538052 0.118188 0.534451
11 0.568726 0.645204 0.557925 0.644804
10 0.365421 0.527501 0.356119 0.525900
12 0.528286 0.598473 0.521985 0.598072
1 0.161093 0.610462 0.162893 0.604061
14 0.205706 0.691810 0.202351 0.616379
18 0.211200 0.682547 0.212100 0.634906
16 0.414927 0.680882 0.414627 0.638237
15 0.564130 0.723697 0.562630 0.552606
13 0.218596 0.700742 0.221896 0.598517
19 0.343023 0.668020 0.338072 0.663960
17 0.211520 0.731117 0.212180 0.537766
2 0.337707 0.275491 0.335066 0.268010
17 0.290426 0.684831 0.290865 0.630339
