3.0 0.212691 0.207570 0.217328 0.206479
5.0 0.402419 0.059208 0.404819 0.050007
4.0 0.390117 0.144019 0.393117 0.136818
4.0 0.386216 0.273237 0.387717 0.270036
6.0 0.433711 0.462705 0.434627 0.467175
0.0 0.116030 0.526518 0.115430 0.522917
11.0 0.565190 0.639792 0.554389 0.639392
10.0 0.365231 0.520117 0.355930 0.518517
1.0 0.162616 0.598928 0.164416 0.592527
14.0 0.207446 0.688508 0.204145 0.622984
18.0 0.214435 0.678507 0.215335 0.642987
15.0 0.563770 0.722012 0.562270 0.555976
13.0 0.220119 0.698144 0.223419 0.603712
19.0 0.340265 0.661974 0.335315 0.661534
17.0 0.567459 0.695943 0.566469 0.608113
2.0 0.340608 0.265099 0.337968 0.257618
17.0 0.212786 0.730345 0.213448 0.539310
9.0 0.234369 0.328884 0.232568 0.325684
