17.0 0.738424 0.532601 0.523152 0.522679
17.0 0.684976 0.432319 0.630048 0.435862
19.0 0.667730 0.664779 0.664540 0.652022
18.0 0.669678 0.728208 0.660643 0.543584
13.0 0.708422 0.509569 0.583156 0.524452
15.0 0.708185 0.433027 0.583630 0.435862
16.0 0.672750 0.582567 0.654501 0.583276
14.0 0.682435 0.727321 0.635129 0.545357
0.0 0.531300 0.720766 0.542640 0.558468
1.0 0.590833 0.709781 0.606897 0.580438
12.0 0.565319 0.465629 0.591778 0.465629
11.0 0.622016 0.423105 0.643750 0.424523
10.0 0.519961 0.440115 0.502007 0.545714
9.0 0.449089 0.722361 0.459483 0.555279
7.0 0.443186 0.693834 0.456415 0.612331
8.0 0.394993 0.550675 0.387433 0.529413
6.0 0.455470 0.567684 0.467755 0.567684
3.0 0.098276 0.708363 0.106780 0.583273
2.0 0.263644 0.663891 0.240965 0.672217
