17 0.205666 0.731134 0.208496 0.537732
17 0.317658 0.683237 0.306338 0.633526
19 0.453494 0.671681 0.462691 0.656637
13 0.285114 0.703990 0.295726 0.592021
15 0.339590 0.716253 0.350202 0.567494
16 0.414583 0.678992 0.406093 0.642015
1 0.156353 0.604659 0.157768 0.597112
12 0.350202 0.564097 0.389821 0.556550
11 0.362229 0.618808 0.365767 0.595226
6 0.526364 0.393358 0.512922 0.379209
8 0.486746 0.415054 0.484623 0.401848
7 0.309876 0.415054 0.325440 0.408451
9 0.282284 0.380152 0.279454 0.364116
5 0.414583 0.115083 0.563861 0.099047
4 0.382746 0.237713 0.388406 0.235826
4 0.407508 0.201867 0.555371 0.204697
3 0.154938 0.093387 0.184652 0.092444
2 0.118856 0.205641 0.108952 0.212244
10 0.450664 0.539571 0.527072 0.532024
0 0.182530 0.549004 0.267427 0.554664
18 0.137251 0.679936 0.148571 0.640128
14 0.205169 0.695500 0.205876 0.609000
