3.0 0.204510 0.207570 0.209406 0.206464
5.0 0.412069 0.073914 0.414470 0.064713
4.0 0.390117 0.155049 0.393117 0.147848
4.0 0.388974 0.286104 0.390474 0.282904
6.0 0.434823 0.477483 0.435723 0.481884
8.0 0.319199 0.470172 0.320999 0.465371
9.0 0.129588 0.344923 0.127788 0.341722
0.0 0.121545 0.545405 0.120945 0.541804
11.0 0.571483 0.652557 0.560682 0.652157
10.0 0.366295 0.532342 0.356993 0.530742
12.0 0.531044 0.605825 0.524743 0.605425
1.0 0.163851 0.617815 0.165651 0.611414
14.0 0.204260 0.692584 0.200905 0.614833
18.0 0.212074 0.684431 0.212974 0.631139
16.0 0.417685 0.682720 0.417385 0.634560
15.0 0.566888 0.725535 0.565387 0.548930
13.0 0.221353 0.702580 0.224654 0.594840
19.0 0.345780 0.669858 0.340829 0.660284
17.0 0.214277 0.732956 0.214937 0.534089
2.0 0.333571 0.281006 0.330930 0.273525
17.0 0.293183 0.686669 0.293623 0.626662
