17 0.696554 0.070150 0.606892 0.085783
17 0.677681 0.260114 0.644639 0.271664
15 0.658100 0.129318 0.646629 0.132099
13 0.701833 0.223466 0.596334 0.225357
16 0.692930 0.320004 0.614140 0.321757
19 0.663391 0.329201 0.656377 0.325928
14 0.711121 0.250128 0.577758 0.248011
18 0.715674 0.310956 0.568651 0.313037
11 0.627278 0.380006 0.622347 0.385759
1 0.676511 0.411669 0.646977 0.412766
0 0.659433 0.441833 0.681133 0.453422
12 0.644589 0.419679 0.606822 0.416673
6 0.436735 0.586747 0.436900 0.583655
9 0.692120 0.600469 0.615760 0.598742
8 0.558350 0.596010 0.558031 0.593673
7 0.660707 0.602379 0.660342 0.596522
2 0.681845 0.675020 0.636309 0.649960
4 0.447593 0.670615 0.445116 0.658770
4 0.425300 0.711349 0.420346 0.577301
5 0.589927 0.730082 0.586940 0.539836
3 0.712250 0.724985 0.575500 0.550030
10 0.668414 0.473988 0.663172 0.478184
