17 0.696304 0.082605 0.607391 0.098237
15 0.656081 0.140106 0.644609 0.142886
17 0.675826 0.273367 0.648347 0.283776
16 0.692934 0.332692 0.614132 0.334445
19 0.664628 0.340713 0.655202 0.337134
14 0.710702 0.264374 0.578596 0.262257
18 0.715449 0.324604 0.569102 0.326684
11 0.632411 0.395698 0.627480 0.401451
0 0.670366 0.452746 0.659268 0.454393
12 0.643738 0.434553 0.605971 0.431547
2 0.681029 0.677732 0.637942 0.644536
4 0.448644 0.673941 0.446167 0.652118
3 0.712326 0.724845 0.575347 0.550310
10 0.663464 0.482048 0.664530 0.484880
13 0.702461 0.235447 0.595079 0.237337
6 0.437805 0.598097 0.437971 0.595005
8 0.557692 0.607560 0.557373 0.605223
9 0.661603 0.612048 0.661238 0.610321
7 0.690565 0.614216 0.618870 0.610005
1 0.675710 0.428255 0.648579 0.430080
