17.0 0.095630 0.206874 0.110182 0.209212
17.0 0.273377 0.291070 0.281692 0.290290
19.0 0.309758 0.531963 0.318073 0.531184
13.0 0.215167 0.216229 0.230759 0.217788
15.0 0.142405 0.333947 0.132011 0.340963
14.0 0.241154 0.092274 0.253627 0.092274
18.0 0.303431 0.090960 0.323181 0.101874
12.0 0.426889 0.350920 0.422731 0.357157
10.0 0.479664 0.322966 0.490058 0.340117
1.0 0.398111 0.156698 0.411624 0.158257
0.0 0.470546 0.113820 0.478862 0.102126
6.0 0.595659 0.569618 0.589423 0.580532
9.0 0.605014 0.347956 0.609172 0.344837
2.0 0.688932 0.194118 0.622136 0.180865
5.0 0.717517 0.413963 0.564966 0.405387
4.0 0.703485 0.587032 0.593031 0.587032
4.0 0.672301 0.544155 0.655398 0.553510
3.0 0.708645 0.194128 0.582710 0.185608
