17 0.698067 0.084954 0.603866 0.100587
15 0.659605 0.144022 0.648134 0.146803
17 0.676555 0.272960 0.646890 0.283369
16 0.692963 0.335106 0.614073 0.336860
19 0.666439 0.342876 0.657013 0.339296
14 0.712101 0.265566 0.575799 0.263449
18 0.716295 0.327363 0.567409 0.329443
11 0.632411 0.395698 0.627480 0.401451
0 0.670583 0.456949 0.658833 0.458596
12 0.643738 0.434553 0.605971 0.431547
4 0.448644 0.673941 0.446167 0.652118
5 0.596012 0.734834 0.593025 0.530333
3 0.712016 0.727741 0.575967 0.544519
10 0.666766 0.484390 0.664734 0.490140
13 0.702755 0.237014 0.594491 0.238904
1 0.676104 0.427661 0.647791 0.429486
4 0.419968 0.722158 0.415014 0.555684
