3 0.214070 0.198379 0.218707 0.197288
5 0.402419 0.059208 0.404819 0.050007
4 0.390117 0.144019 0.393117 0.136818
4 0.388339 0.279840 0.389839 0.276639
6 0.433265 0.460323 0.434165 0.464723
8 0.317706 0.454381 0.319506 0.449580
7 0.126038 0.317131 0.128739 0.311930
9 0.234369 0.328884 0.232568 0.325684
0 0.118153 0.526273 0.117553 0.522672
11 0.567313 0.640688 0.556511 0.640288
12 0.529208 0.591881 0.522907 0.591481
1 0.160458 0.598682 0.162259 0.592282
14 0.201864 0.687876 0.198563 0.624248
18 0.210565 0.677875 0.211465 0.644251
16 0.414292 0.678975 0.413992 0.642050
15 0.560346 0.721441 0.558845 0.557118
13 0.217961 0.697797 0.221261 0.604406
19 0.342388 0.664011 0.337437 0.663571
17 0.566158 0.695597 0.565168 0.608807
17 0.208505 0.729774 0.209166 0.540451
2 0.337072 0.263712 0.334431 0.256231
