17.0 0.696554 0.070150 0.606892 0.085783
17.0 0.677186 0.257478 0.645627 0.269028
15.0 0.658100 0.129318 0.646629 0.132099
13.0 0.701833 0.223466 0.596334 0.225357
16.0 0.692930 0.320004 0.614140 0.321757
19.0 0.663391 0.329201 0.656377 0.325928
14.0 0.711121 0.244307 0.577758 0.242190
18.0 0.715674 0.305136 0.568651 0.307216
11.0 0.627278 0.380006 0.622347 0.385759
1.0 0.676320 0.407596 0.647360 0.408693
0.0 0.659433 0.441833 0.681133 0.453422
12.0 0.644589 0.419679 0.606822 0.416673
6.0 0.436735 0.586747 0.436900 0.583655
9.0 0.692307 0.598475 0.615386 0.596748
8.0 0.558350 0.596010 0.558031 0.593673
2.0 0.682342 0.675020 0.635316 0.649960
4.0 0.447593 0.670615 0.445116 0.658770
4.0 0.425300 0.711349 0.420346 0.577302
5.0 0.589927 0.730082 0.586940 0.539836
3.0 0.712250 0.724985 0.575500 0.550030
10.0 0.668414 0.473988 0.663173 0.478184
