17 0.738424 0.532601 0.523151 0.522679
17 0.686814 0.434157 0.626372 0.437701
19 0.667730 0.664779 0.664539 0.652022
18 0.671517 0.728208 0.656967 0.543585
13 0.708422 0.509569 0.583156 0.524452
15 0.711862 0.433027 0.576276 0.435862
16 0.674588 0.578891 0.650824 0.579599
14 0.684274 0.726862 0.631453 0.546276
0 0.543555 0.720766 0.554895 0.558468
1 0.603088 0.710240 0.619152 0.579519
12 0.575123 0.465629 0.601582 0.465629
11 0.622016 0.423105 0.643750 0.424523
10 0.529765 0.440115 0.511811 0.545714
7 0.452990 0.693835 0.466219 0.612331
8 0.407248 0.550675 0.399688 0.529413
6 0.465274 0.571361 0.477559 0.571361
5 0.043822 0.423703 0.058942 0.415199
4 0.233877 0.421688 0.252777 0.420271
4 0.143161 0.422397 0.154501 0.416727
3 0.098276 0.708363 0.106780 0.583273
2 0.263644 0.663891 0.240965 0.672217
9 0.461344 0.720523 0.471738 0.558955
