3.0 0.214070 0.207570 0.218707 0.206479
4.0 0.386216 0.282428 0.387717 0.279227
6.0 0.435423 0.460939 0.436323 0.465340
8.0 0.319007 0.459251 0.320808 0.454451
9.0 0.230433 0.323874 0.233134 0.318674
7.0 0.132918 0.329634 0.131118 0.326434
0.0 0.116030 0.528861 0.115430 0.525260
11.0 0.567525 0.641201 0.556724 0.640801
10.0 0.366617 0.520703 0.357316 0.519103
12.0 0.527085 0.594470 0.520784 0.594069
1.0 0.158336 0.601270 0.160136 0.594870
14.0 0.199741 0.688523 0.196441 0.622954
18.0 0.208443 0.678521 0.209343 0.642957
16.0 0.412170 0.679622 0.411870 0.640756
15.0 0.559490 0.722027 0.557989 0.555946
13.0 0.215839 0.698444 0.219139 0.603112
19.0 0.342600 0.663486 0.337649 0.663046
17.0 0.567926 0.695984 0.566936 0.608031
17.0 0.205937 0.730075 0.206597 0.539850
2.0 0.334949 0.266300 0.332309 0.258819
