17 0.083052 0.206874 0.097605 0.209212
17 0.265830 0.292013 0.274146 0.291233
19 0.303469 0.531020 0.311785 0.530240
13 0.206363 0.216229 0.221955 0.217788
15 0.137374 0.333947 0.126980 0.340963
16 0.312606 0.217788 0.324040 0.222466
14 0.232349 0.090387 0.244823 0.090387
18 0.300735 0.087760 0.320485 0.098674
11 0.363154 0.572666 0.371470 0.571886
12 0.426125 0.350482 0.421967 0.356719
10 0.474542 0.328490 0.484937 0.345641
1 0.391823 0.156698 0.405335 0.158257
0 0.468524 0.113820 0.476840 0.102126
6 0.588490 0.567542 0.582253 0.578457
8 0.598718 0.445762 0.602876 0.444203
7 0.663968 0.222697 0.672065 0.222697
9 0.605392 0.239210 0.609550 0.236091
2 0.687045 0.194118 0.625909 0.180865
5 0.717517 0.413963 0.564966 0.405387
4 0.703484 0.587032 0.593031 0.587032
4 0.670100 0.544155 0.659801 0.553510
3 0.707846 0.176525 0.584307 0.168005
