3 0.204510 0.207570 0.209406 0.206464
5 0.406555 0.072076 0.408955 0.062874
4 0.385981 0.156887 0.388981 0.149686
4 0.383459 0.289781 0.384959 0.286580
6 0.432065 0.470130 0.432965 0.474531
8 0.315036 0.466720 0.316837 0.461920
7 0.228345 0.335798 0.231046 0.330598
0 0.116716 0.546338 0.116116 0.542738
11 0.567690 0.650728 0.556889 0.650328
10 0.364385 0.533025 0.355084 0.531425
12 0.527250 0.603997 0.520950 0.603597
1 0.163165 0.614605 0.164965 0.608204
14 0.206049 0.692160 0.202694 0.615680
18 0.211200 0.682781 0.212100 0.634439
16 0.413549 0.681574 0.413249 0.636851
15 0.565166 0.725424 0.563666 0.549153
13 0.218596 0.701778 0.221896 0.596444
19 0.343023 0.668020 0.338072 0.663960
17 0.210834 0.732846 0.211494 0.534308
2 0.336328 0.275491 0.333575 0.268010
17 0.290426 0.686557 0.290865 0.626886
