17 0.696875 0.083493 0.606249 0.100914
17 0.437364 0.257567 0.434972 0.233826
13 0.693693 0.195281 0.612613 0.210741
15 0.444731 0.079149 0.435977 0.094104
14 0.729885 0.249834 0.540229 0.251981
18 0.726398 0.292615 0.547205 0.304422
18 0.667744 0.341863 0.664340 0.350032
11 0.638311 0.389333 0.637095 0.395008
1 0.732099 0.382170 0.535802 0.377864
0 0.721571 0.483598 0.556859 0.472007
10 0.663666 0.483148 0.668305 0.487221
6 0.559178 0.657007 0.564601 0.666647
9 0.695549 0.666362 0.608901 0.666427
4 0.612727 0.671971 0.599081 0.656057
4 0.592743 0.695545 0.597640 0.608909
5 0.575943 0.718272 0.582615 0.563455
2 0.710041 0.690863 0.579918 0.618275
3 0.713395 0.728718 0.573210 0.542565
