5 0.048494 0.420601 0.063359 0.415455
4 0.158903 0.418410 0.168051 0.414122
4 0.251862 0.451854 0.250718 0.444994
9 0.401644 0.697721 0.394784 0.604558
0 0.550557 0.666731 0.549097 0.666539
18 0.674460 0.695578 0.651079 0.608843
14 0.686823 0.697646 0.626354 0.604708
1 0.585711 0.672841 0.601776 0.654318
16 0.681391 0.581746 0.637218 0.589542
8 0.412030 0.544189 0.417700 0.513006
6 0.419590 0.429367 0.424315 0.420153
10 0.537078 0.435516 0.519124 0.539697
12 0.579914 0.466934 0.612987 0.466934
19 0.668052 0.461983 0.663897 0.457730
15 0.715518 0.443317 0.568965 0.433394
11 0.640312 0.431967 0.647871 0.426297
17 0.685452 0.454449 0.629096 0.441242
13 0.697715 0.637450 0.604570 0.517650
17 0.734190 0.516707 0.531621 0.519537
3 0.185777 0.687737 0.209716 0.624526
2 0.258837 0.726653 0.295311 0.546693
