3.0 0.207268 0.200217 0.212164 0.199111
5.0 0.406555 0.072076 0.408955 0.062874
4.0 0.385981 0.156887 0.388981 0.149686
4.0 0.383459 0.289781 0.384959 0.286580
6.0 0.433444 0.470130 0.434344 0.474531
8.0 0.313658 0.468559 0.315458 0.463758
7.0 0.228345 0.335798 0.231046 0.330598
9.0 0.129468 0.340216 0.127667 0.337016
0.0 0.116716 0.538986 0.116116 0.535385
11.0 0.567690 0.650728 0.556889 0.650328
10.0 0.362790 0.529481 0.353489 0.527881
12.0 0.527250 0.603997 0.520950 0.603597
16.0 0.416306 0.681575 0.416006 0.636851
15.0 0.562093 0.724576 0.560593 0.550848
19.0 0.343023 0.668020 0.338072 0.663960
17.0 0.210834 0.732846 0.211494 0.534308
2.0 0.334949 0.277330 0.332309 0.269849
17.0 0.288832 0.685671 0.289271 0.628657
18.0 0.175092 0.702837 0.182318 0.594326
14.0 0.113749 0.666637 0.101524 0.666726
1.0 0.156417 0.600638 0.165453 0.597095
